-1.037655193434203343e-01
-1.333393612651484761e-01
-1.551731424808043269e-01
-1.717444728691584488e-01
-1.835849322033988595e-01
-1.912586607389959448e-01
-1.952825236326283520e-01
-1.961881471090579365e-01
-1.944153167269667415e-01
-1.903611755699846919e-01
-1.844326711434838284e-01
-1.769988130751990740e-01
-1.684046211005933991e-01
-1.589858737140179834e-01
-1.490740536090910673e-01
-1.389209854881409967e-01
-1.286946227714779734e-01
-1.185609402568435639e-01
-1.086877975341246499e-01
-9.919124381283576930e-02
-9.011589798368883908e-02
-8.150761458983145358e-02
-7.341937606885887146e-02
-6.588998301491533205e-02
-5.877397939888644174e-02
-5.213028500961837397e-02
-4.593458334366615214e-02
-4.012331660669039152e-02
-3.481701208054688301e-02
-2.982298145995908312e-02
-2.560542911805532493e-02
-2.163301008990444960e-02
-1.853403800436982315e-02
-1.724170087473876622e-02
-1.768491554275022914e-02
-2.469309408237754105e-02
-3.128566332031115782e-02
-3.867294522557910424e-02
-4.507164920512339579e-02
-4.758719966283971037e-02
-4.986260015296341275e-02
-4.699671681802541912e-02
-4.270517647617414619e-02
-3.736392132578459507e-02
-3.155122550068790305e-02
-2.614895327204009093e-02
-2.115031935723982182e-02
-1.447905026989717951e-02
-5.912729870528535790e-03
3.007453052725493452e-03
