-1.615272106060372803e-01
-1.553978352805174545e-01
-1.499240139186926168e-01
-1.446782761278773421e-01
-1.397064849420816546e-01
-1.348907717605081769e-01
-1.303689482442045300e-01
-1.261700678325603231e-01
-1.218674997025532974e-01
-1.173997615812547718e-01
-1.135485169801034033e-01
-1.094338178235804981e-01
-1.054518336499725428e-01
-1.010757876824420337e-01
-9.744898725747373758e-02
-9.391402945516516554e-02
-9.011344323257741706e-02
-8.723003275286678182e-02
-8.404152460316186013e-02
-8.062885428096554230e-02
-7.846393942675894406e-02
-7.608506719892284276e-02
-7.346136863573474174e-02
-7.138561849940483484e-02
-6.965076182337878730e-02
-6.774339458569135497e-02
-6.601196893638212881e-02
-6.474790563598481485e-02
-6.422405595431679437e-02
-6.514527129222930091e-02
-6.814208236152166642e-02
-7.276573020312776530e-02
-7.767990228573820599e-02
-8.292034645075170574e-02
-8.507312242234837951e-02
-8.673483949145617544e-02
-8.791650790899376011e-02
-8.811551112111336292e-02
-8.659661646576648220e-02
-8.504415004574479575e-02
-8.345162743608798561e-02
-8.174639287772778040e-02
-8.006952280245173414e-02
-7.834785103047668675e-02
-7.602982924331705417e-02
-7.395079640165698465e-02
-7.203939832245309649e-02
-6.990977754129243382e-02
-6.812456201347684426e-02
-6.660444248589524052e-02
