-7.125672127911013287e-02
-9.887891327428866006e-02
-1.209332173758109197e-01
-1.361118974805430870e-01
-1.454333451862562798e-01
-1.508701650914023862e-01
-1.533443888066371164e-01
-1.538957761005554092e-01
-1.527728276472564428e-01
-1.502401423313233786e-01
-1.477352214955723331e-01
-1.440393381868406431e-01
-1.410585387004336388e-01
-1.370401181411639857e-01
-1.340718680020644149e-01
-1.309926316118239231e-01
-1.273277272151256134e-01
-1.244558952315206052e-01
-1.214042787479175239e-01
-1.180440544420189170e-01
-1.153579987861375888e-01
-1.126758521250824790e-01
-1.096496875465641646e-01
-1.069275907987755486e-01
-1.043246898649430182e-01
-1.017381348158214460e-01
-9.902952644926336923e-02
-9.652649577839032824e-02
-9.433091308141119957e-02
-9.216795919908676860e-02
-9.005435678848321135e-02
-8.792239702984740168e-02
-8.586475501283058476e-02
-8.399782458184844314e-02
-8.217054549702761113e-02
-8.045735572005599523e-02
-7.882756743675299604e-02
-7.707576311625566334e-02
-7.565501888729421476e-02
-7.422275778159737047e-02
-7.285365185836460700e-02
-7.160603439153666316e-02
-7.044148976313982513e-02
-6.913445625595290855e-02
-6.824322421122523685e-02
-6.756148530180686174e-02
-6.716333185941972261e-02
-6.733871528999094136e-02
-6.798212740956115219e-02
-6.907121779309030596e-02
