2.627383140432135167e-01
1.864034516690048771e-01
1.262411234207708732e-01
7.765817778395725512e-02
4.098280536074280778e-02
1.615785544545938340e-02
2.760185004997996877e-03
-2.937988363917481320e-04
5.671080514924044594e-03
1.910901871754058789e-02
3.828416984373411019e-02
6.160802691575146400e-02
8.768789799050666356e-02
1.153136179840691666e-01
1.434421064820492475e-01
1.713802664695767974e-01
1.987391939173696609e-01
2.251749583398694465e-01
2.503657084137227984e-01
2.741344877476811770e-01
2.964784022849693557e-01
3.173784508811325900e-01
3.367867836614567012e-01
3.546788168461069701e-01
3.714520941439716784e-01
3.870072083512938188e-01
4.014337169307785613e-01
4.149043048602883976e-01
4.271599440182096696e-01
4.386610835102477957e-01
4.483525541484948973e-01
4.574654938750082334e-01
4.645659912048754614e-01
4.675250891980940460e-01
4.665103698867430482e-01
4.504467167188671017e-01
4.352956025891588920e-01
4.182580763782895450e-01
4.034375213831460916e-01
3.975925752443971728e-01
3.922958069473053144e-01
3.989655780854342026e-01
4.089262468378714321e-01
4.212823972461965383e-01
4.346843106898402587e-01
4.471045878752795133e-01
4.585719220834227339e-01
4.738474250582742076e-01
4.934297144044356709e-01
5.138049900134249448e-01
