-1.152156144251716696e-01
-1.170839032648623435e-01
-1.168470090588522026e-01
-1.150739008339242420e-01
-1.123656460133286017e-01
-1.092634263003171985e-01
-1.060091176044316574e-01
-1.025162025432111990e-01
-9.858079562138355456e-02
-9.436025063824425574e-02
-9.035876460111944009e-02
-8.607931801716067755e-02
-8.188506948105765682e-02
-7.728303057999748316e-02
-7.333513586111004012e-02
-6.941542699532177174e-02
-6.518809364669765627e-02
-6.196681333378557116e-02
-5.838776940561627576e-02
-5.452280345625427904e-02
-5.197301293217441304e-02
-4.915390031347896538e-02
-4.601948145965539805e-02
-4.344214195984033577e-02
-4.120259986614126235e-02
-3.872234373509176458e-02
-3.637381782561153326e-02
-3.452624610322782561e-02
-3.335292105981205873e-02
-3.343113836301595670e-02
-3.506762291515842095e-02
-3.748847810605840380e-02
-3.945883964485835671e-02
-4.058032816247849478e-02
-3.974960257821197329e-02
-3.858074704640575281e-02
-3.708898355653441475e-02
-3.493831090847379639e-02
-3.278053854464189204e-02
-3.108692371491798834e-02
-2.976078452992286794e-02
-2.877628218940857935e-02
-2.769432514417824454e-02
-2.648937068069727105e-02
-2.520159641017116064e-02
-2.403453378756192568e-02
-2.288516980369150605e-02
-2.133777907635528784e-02
-1.988952285409736898e-02
-1.868297226917408835e-02
