2.586706093907962037e-02
2.556950975041486981e-02
2.577222020196495711e-02
2.603793876501808019e-02
2.626203092823896357e-02
2.642980324213415472e-02
2.655566407930575606e-02
2.665531726550745759e-02
2.673957123072101538e-02
2.681248627924183447e-02
2.687399616846880210e-02
2.692345284502673311e-02
2.695973930319504885e-02
2.698223740604626178e-02
2.699130131640273267e-02
2.698809793746507688e-02
2.697409757104579989e-02
2.695094084602936771e-02
2.692043287751137715e-02
2.688435858801211872e-02
2.684420696534172562e-02
2.680122308256067953e-02
2.675646303408221391e-02
2.671092240550967251e-02
2.666594656591049148e-02
2.662144553286296955e-02
2.657791953714575689e-02
2.653578548071134149e-02
2.649538287385710955e-02
2.645671540127854382e-02
2.641852298061998436e-02
2.638332351090742767e-02
2.635114980305783977e-02
2.633150599118023322e-02
2.633768742135155633e-02
2.645615384368897594e-02
2.660955115901974741e-02
2.680097523199189216e-02
2.698113609900603532e-02
2.707318347244260306e-02
2.715785481028103882e-02
2.712033327556129247e-02
2.704785406496348216e-02
2.694981697974825965e-02
2.684035328859670638e-02
2.674051810621768180e-02
2.665065419858498458e-02
2.652707219913545342e-02
2.637343597445218971e-02
2.623017779521493592e-02
